disp,Load
--------------------------
0.000000e+00,-0.000000e+00
5.000000e-03,-0.000000e+00
1.000000e-02,-0.000000e+00
1.500000e-02,-0.000000e+00
2.000000e-02,-0.000000e+00
2.500000e-02,-0.000000e+00
3.000000e-02,-0.000000e+00
3.500000e-02,-0.000000e+00
4.000000e-02,-0.000000e+00
4.500000e-02,1.346500e-15
5.000000e-02,-4.210200e-13
5.500000e-02,-9.605500e-11
6.000000e-02,-3.729600e-09
6.500000e-02,-4.621900e-08
7.000000e-02,-2.375700e-07
7.500000e-02,-5.784000e-07
8.000000e-02,-4.840100e-07
8.500000e-02,2.018100e-06
9.000000e-02,1.022900e-05
9.500000e-02,2.751800e-05
1.000000e-01,5.744500e-05
1.050000e-01,9.749400e-05
1.100000e-01,1.499500e-04
1.150000e-01,2.070800e-04
1.200000e-01,2.306400e-04
1.250000e-01,2.084900e-04
1.300000e-01,1.561600e-04
1.350000e-01,2.580500e-04
1.400000e-01,9.923600e-04
1.450000e-01,2.688900e-03
1.500000e-01,5.153000e-03
1.550000e-01,7.808900e-03
1.600000e-01,9.549300e-03
1.650000e-01,9.756500e-03
1.700000e-01,8.759100e-03
1.750000e-01,6.591600e-03
1.800000e-01,4.025700e-03
1.850000e-01,1.560200e-03
1.900000e-01,-8.255100e-04
1.950000e-01,-2.423300e-03
2.000000e-01,-3.665900e-03
2.050000e-01,-4.838100e-03
2.100000e-01,-5.507600e-03
2.150000e-01,-5.524500e-03
2.200000e-01,-4.455000e-03
2.250000e-01,-2.412400e-03
2.300000e-01,-5.554400e-04
2.350000e-01,8.157000e-04
2.400000e-01,1.235900e-03
2.450000e-01,9.317300e-04
2.500000e-01,-4.602700e-04
2.550000e-01,-3.373200e-03
2.600000e-01,-7.635300e-03
2.650000e-01,-1.294600e-02
2.700000e-01,-1.784200e-02
2.750000e-01,-2.191500e-02
2.800000e-01,-2.408200e-02
2.850000e-01,-2.467700e-02
2.900000e-01,-2.331500e-02
2.950000e-01,-2.116100e-02
3.000000e-01,-1.905800e-02
3.050000e-01,-1.665600e-02
3.100000e-01,-1.433700e-02
3.150000e-01,-1.151200e-02
3.200000e-01,-1.000000e-02
3.250000e-01,-1.162000e-02
3.300000e-01,-1.603500e-02
3.350000e-01,-2.146500e-02
3.400000e-01,-2.527800e-02
3.450000e-01,-2.651900e-02
3.500000e-01,-2.651300e-02
3.550000e-01,-2.617400e-02
3.600000e-01,-2.592000e-02
3.650000e-01,-2.598200e-02
3.700000e-01,-2.575800e-02
3.750000e-01,-2.544600e-02
3.800000e-01,-2.441400e-02
3.850000e-01,-2.167900e-02
3.900000e-01,-1.863200e-02
3.950000e-01,-1.592100e-02
4.000000e-01,-1.434600e-02
4.050000e-01,-1.408000e-02
4.100000e-01,-1.379500e-02
4.150000e-01,-1.293900e-02
4.200000e-01,-1.200100e-02
4.250000e-01,-1.032900e-02
4.300000e-01,-8.756700e-03
4.350000e-01,-7.971800e-03
4.400000e-01,-7.755400e-03
4.450000e-01,-8.564200e-03
4.500000e-01,-1.001700e-02
4.550000e-01,-1.133700e-02
4.600000e-01,-1.260300e-02
4.650000e-01,-1.307800e-02
4.700000e-01,-1.203800e-02
4.750000e-01,-1.098200e-02
4.800000e-01,-1.068900e-02
4.850000e-01,-1.183500e-02
4.900000e-01,-1.328600e-02
4.950000e-01,-1.226800e-02
5.000000e-01,-8.885800e-03
5.050000e-01,-4.039500e-03
5.100000e-01,7.480500e-04
5.150000e-01,4.449600e-03
5.200000e-01,7.970900e-03
5.250000e-01,1.010400e-02
5.300000e-01,8.660400e-03
5.350000e-01,3.216100e-03
5.400000e-01,-5.183500e-03
5.450000e-01,-1.278800e-02
5.500000e-01,-1.569400e-02
5.550000e-01,-1.462200e-02
5.600000e-01,-1.068700e-02
5.650000e-01,-6.162300e-03
5.700000e-01,-2.843700e-03
5.750000e-01,-2.672800e-04
5.800000e-01,1.573000e-03
5.850000e-01,2.745700e-03
5.900000e-01,4.117900e-03
5.950000e-01,5.133700e-03
6.000000e-01,4.661100e-03
6.050000e-01,2.359700e-03
6.100000e-01,-1.927900e-03
6.150000e-01,-5.857300e-03
6.200000e-01,-8.796600e-03
6.250000e-01,-1.033500e-02
6.300000e-01,-1.120300e-02
6.350000e-01,-1.168200e-02
6.400000e-01,-1.034800e-02
6.450000e-01,-7.952000e-03
6.500000e-01,-4.631600e-03
6.550000e-01,-1.572300e-03
6.600000e-01,9.574100e-04
6.650000e-01,2.798400e-03
6.700000e-01,4.461900e-03
6.750000e-01,6.070000e-03
6.800000e-01,8.746600e-03
6.850000e-01,1.348700e-02
6.900000e-01,1.862600e-02
6.950000e-01,2.278500e-02
7.000000e-01,2.462600e-02
7.050000e-01,2.483700e-02
7.100000e-01,2.467000e-02
7.150000e-01,2.463100e-02
7.200000e-01,2.349200e-02
7.250000e-01,2.140500e-02
7.300000e-01,1.874200e-02
7.350000e-01,1.624100e-02
7.400000e-01,1.483600e-02
7.450000e-01,1.371400e-02
7.500000e-01,1.245100e-02
7.550000e-01,1.118300e-02
7.600000e-01,1.073500e-02
7.650000e-01,1.293600e-02
7.700000e-01,1.965000e-02
7.750000e-01,2.888500e-02
7.800000e-01,3.756200e-02
7.850000e-01,4.175900e-02
7.900000e-01,3.927900e-02
7.950000e-01,3.342300e-02
8.000000e-01,2.595000e-02
8.050000e-01,1.809900e-02
8.100000e-01,1.090700e-02
8.150000e-01,3.823800e-03
8.200000e-01,-1.939100e-03
8.250000e-01,-4.026700e-03
8.300000e-01,-5.124600e-03
8.350000e-01,-6.451700e-03
8.400000e-01,-8.335900e-03
8.450000e-01,-1.130700e-02
8.500000e-01,-1.111800e-02
8.550000e-01,-7.616100e-03
8.600000e-01,-3.621400e-03
8.650000e-01,-2.106900e-03
8.700000e-01,-4.744700e-03
8.750000e-01,-1.092300e-02
8.800000e-01,-1.525600e-02
8.850000e-01,-1.577500e-02
8.900000e-01,-1.241300e-02
8.950000e-01,-6.797300e-03
9.000000e-01,-3.433900e-03
9.050000e-01,-4.488400e-03
9.100000e-01,-9.720600e-03
9.150000e-01,-1.647000e-02
9.200000e-01,-2.164000e-02
9.250000e-01,-2.299400e-02
9.300000e-01,-2.270300e-02
9.350000e-01,-2.247000e-02
9.400000e-01,-2.352300e-02
9.450000e-01,-2.496800e-02
9.500000e-01,-2.470500e-02
9.550000e-01,-2.174600e-02
9.600000e-01,-1.589400e-02
9.650000e-01,-8.441800e-03
9.700000e-01,-1.560700e-03
9.750000e-01,2.953400e-03
9.800000e-01,4.493200e-03
9.850000e-01,4.131200e-03
9.900000e-01,1.760600e-03
9.950000e-01,-2.677900e-03
1.000000e+00,-8.713700e-03
1.005000e+00,-1.438600e-02
1.010000e+00,-1.614500e-02
1.015000e+00,-1.448000e-02
1.020000e+00,-1.253700e-02
1.025000e+00,-1.145000e-02
1.030000e+00,-1.215600e-02
1.035000e+00,-1.165700e-02
1.040000e+00,-7.576900e-03
1.045000e+00,-3.561000e-03
1.050000e+00,7.134900e-04
1.055000e+00,4.278800e-03
1.060000e+00,5.373700e-03
1.065000e+00,5.218600e-03
1.070000e+00,2.565100e-03
1.075000e+00,-3.030400e-03
1.080000e+00,-7.769000e-03
1.085000e+00,-1.204000e-02
1.090000e+00,-1.570600e-02
1.095000e+00,-1.626400e-02
1.100000e+00,-1.504500e-02
1.105000e+00,-1.286800e-02
1.110000e+00,-1.207500e-02
1.115000e+00,-1.632000e-02
1.120000e+00,-2.304900e-02
1.125000e+00,-2.745800e-02
1.130000e+00,-2.745800e-02
1.135000e+00,-2.287300e-02
1.140000e+00,-1.719200e-02
1.145000e+00,-1.354000e-02
1.150000e+00,-1.106900e-02
1.155000e+00,-9.178100e-03
1.160000e+00,-7.485200e-03
1.165000e+00,-5.623100e-03
1.170000e+00,-4.949300e-03
1.175000e+00,-5.350100e-03
1.180000e+00,-6.790400e-03
1.185000e+00,-9.197600e-03
1.190000e+00,-1.077600e-02
1.195000e+00,-1.068300e-02
1.200000e+00,-9.198900e-03
1.205000e+00,-6.662900e-03
1.210000e+00,-5.255000e-03
1.215000e+00,-4.915500e-03
1.220000e+00,-3.977000e-03
1.225000e+00,-8.058900e-04
1.230000e+00,5.491700e-03
1.235000e+00,1.318300e-02
1.240000e+00,1.954500e-02
1.245000e+00,2.273900e-02
1.250000e+00,2.262500e-02
1.255000e+00,2.138100e-02
1.260000e+00,2.049700e-02
1.265000e+00,2.037500e-02
1.270000e+00,2.136000e-02
1.275000e+00,2.101500e-02
1.280000e+00,1.948700e-02
1.285000e+00,1.716900e-02
1.290000e+00,1.393600e-02
1.295000e+00,1.314200e-02
1.300000e+00,1.479800e-02
1.305000e+00,1.907100e-02
1.310000e+00,2.654900e-02
1.315000e+00,3.223900e-02
1.320000e+00,3.433500e-02
1.325000e+00,3.145800e-02
1.330000e+00,2.504000e-02
1.335000e+00,2.154600e-02
1.340000e+00,2.244400e-02
1.345000e+00,2.669100e-02
1.350000e+00,2.961800e-02
1.355000e+00,2.743400e-02
1.360000e+00,2.138900e-02
1.365000e+00,1.505100e-02
1.370000e+00,1.087800e-02
1.375000e+00,9.785000e-03
1.380000e+00,9.527300e-03
1.385000e+00,7.410600e-03
1.390000e+00,3.282100e-03
1.395000e+00,-3.043200e-03
1.400000e+00,-7.525200e-03
1.405000e+00,-7.727000e-03
1.410000e+00,-3.417700e-03
1.415000e+00,2.087900e-03
1.420000e+00,5.647000e-03
1.425000e+00,5.163700e-03
1.430000e+00,3.410600e-03
1.435000e+00,2.749500e-03
1.440000e+00,3.764100e-03
1.445000e+00,6.347200e-03
1.450000e+00,8.265400e-03
1.455000e+00,9.767400e-03
1.460000e+00,9.620500e-03
1.465000e+00,8.090000e-03
1.470000e+00,5.310700e-03
1.475000e+00,3.316000e-03
1.480000e+00,4.239900e-03
1.485000e+00,9.113100e-03
1.490000e+00,1.586100e-02
1.495000e+00,2.257200e-02
1.500000e+00,2.642800e-02
1.505000e+00,2.648200e-02
1.510000e+00,2.490200e-02
1.515000e+00,2.224100e-02
1.520000e+00,2.121000e-02
1.525000e+00,2.159800e-02
1.530000e+00,2.062500e-02
1.535000e+00,1.829400e-02
1.540000e+00,1.392400e-02
1.545000e+00,1.041200e-02
1.550000e+00,9.707300e-03
1.555000e+00,1.050600e-02
1.560000e+00,1.075800e-02
1.565000e+00,8.368000e-03
1.570000e+00,3.500900e-03
1.575000e+00,-1.705700e-03
1.580000e+00,-4.737400e-03
1.585000e+00,-5.110800e-03
1.590000e+00,-2.367300e-03
1.595000e+00,-2.096100e-04
1.600000e+00,6.071200e-05
1.605000e+00,-1.539000e-03
1.610000e+00,-3.092700e-03
1.615000e+00,-1.458200e-03
1.620000e+00,1.500900e-03
1.625000e+00,1.801500e-03
1.630000e+00,-1.266600e-03
1.635000e+00,-7.956200e-03
1.640000e+00,-1.394300e-02
1.645000e+00,-1.732000e-02
1.650000e+00,-2.009200e-02
1.655000e+00,-2.091800e-02
1.660000e+00,-2.109100e-02
1.665000e+00,-2.004800e-02
1.670000e+00,-1.866500e-02
1.675000e+00,-1.872700e-02
1.680000e+00,-2.031100e-02
1.685000e+00,-2.164800e-02
1.690000e+00,-2.320800e-02
1.695000e+00,-2.500900e-02
1.700000e+00,-2.589200e-02
1.705000e+00,-2.682200e-02
1.710000e+00,-2.603700e-02
1.715000e+00,-2.469200e-02
1.720000e+00,-2.630500e-02
1.725000e+00,-2.718100e-02
1.730000e+00,-2.767000e-02
1.735000e+00,-2.632500e-02
1.740000e+00,-2.133200e-02
1.745000e+00,-1.802400e-02
1.750000e+00,-1.530600e-02
1.755000e+00,-1.231200e-02
1.760000e+00,-1.066700e-02
1.765000e+00,-6.818700e-03
1.770000e+00,-2.332300e-03
1.775000e+00,-1.915700e-05
1.780000e+00,2.021700e-03
1.785000e+00,1.321300e-03
1.790000e+00,7.784800e-04
1.795000e+00,3.255900e-03
1.800000e+00,6.628100e-03
1.805000e+00,1.086400e-02
1.810000e+00,1.300000e-02
1.815000e+00,1.106900e-02
1.820000e+00,7.584500e-03
1.825000e+00,2.771600e-03
1.830000e+00,-6.674000e-04
1.835000e+00,-1.313700e-03
1.840000e+00,-1.446900e-03
1.845000e+00,-1.724700e-03
1.850000e+00,-3.350000e-03
1.855000e+00,-5.289900e-03
1.860000e+00,-4.022100e-03
1.865000e+00,4.889400e-04
1.870000e+00,5.301700e-03
1.875000e+00,8.923400e-03
1.880000e+00,7.788500e-03
1.885000e+00,4.258300e-03
1.890000e+00,7.690300e-04
1.895000e+00,-2.792300e-03
1.900000e+00,-4.151500e-03
1.905000e+00,-5.773300e-03
1.910000e+00,-8.239500e-03
1.915000e+00,-9.481900e-03
1.920000e+00,-9.674700e-03
1.925000e+00,-7.114700e-03
1.930000e+00,-3.389400e-03
1.935000e+00,-2.561300e-03
1.940000e+00,-2.308300e-03
1.945000e+00,-2.900700e-03
1.950000e+00,-2.368600e-03
1.955000e+00,-6.610600e-04
1.960000e+00,-5.591000e-04
1.965000e+00,7.218700e-04
1.970000e+00,4.193000e-03
1.975000e+00,9.136100e-03
1.980000e+00,1.449000e-02
1.985000e+00,1.770900e-02
1.990000e+00,1.931100e-02
1.995000e+00,2.092100e-02
2.000000e+00,2.143600e-02
2.005000e+00,2.156500e-02
2.010000e+00,2.332600e-02
2.015000e+00,2.636500e-02
2.020000e+00,3.029600e-02
2.025000e+00,3.254800e-02
2.030000e+00,3.210900e-02
2.035000e+00,3.329400e-02
2.040000e+00,3.578600e-02
2.045000e+00,3.720600e-02
2.050000e+00,3.633600e-02
2.055000e+00,3.397600e-02
2.060000e+00,3.408400e-02
2.065000e+00,3.823000e-02
2.070000e+00,4.107800e-02
2.075000e+00,4.201400e-02
2.080000e+00,4.132600e-02
2.085000e+00,4.096100e-02
2.090000e+00,4.176000e-02
2.095000e+00,3.962900e-02
2.100000e+00,3.606900e-02
2.105000e+00,3.444700e-02
2.110000e+00,3.642100e-02
2.115000e+00,4.060600e-02
2.120000e+00,4.365100e-02
2.125000e+00,4.375400e-02
2.130000e+00,4.304500e-02
2.135000e+00,4.119700e-02
2.140000e+00,3.882000e-02
2.145000e+00,3.528800e-02
2.150000e+00,3.199400e-02
2.155000e+00,3.053400e-02
2.160000e+00,2.931900e-02
2.165000e+00,2.763200e-02
2.170000e+00,2.577400e-02
2.175000e+00,2.485000e-02
2.180000e+00,2.572000e-02
2.185000e+00,2.780000e-02
2.190000e+00,2.899600e-02
2.195000e+00,3.037000e-02
2.200000e+00,3.070600e-02
2.205000e+00,2.882000e-02
2.210000e+00,2.635800e-02
2.215000e+00,2.266800e-02
2.220000e+00,1.945500e-02
2.225000e+00,1.762000e-02
2.230000e+00,1.400100e-02
2.235000e+00,1.041600e-02
2.240000e+00,9.161900e-03
2.245000e+00,1.019100e-02
2.250000e+00,1.576400e-02
2.255000e+00,2.278500e-02
2.260000e+00,2.752700e-02
2.265000e+00,3.119100e-02
2.270000e+00,3.136500e-02
2.275000e+00,2.984100e-02
2.280000e+00,2.911100e-02
2.285000e+00,2.816700e-02
2.290000e+00,2.842800e-02
2.295000e+00,2.840100e-02
2.300000e+00,2.699900e-02
2.305000e+00,2.672900e-02
2.310000e+00,2.708800e-02
2.315000e+00,2.752400e-02
2.320000e+00,2.679200e-02
2.325000e+00,2.256600e-02
2.330000e+00,1.823500e-02
2.335000e+00,1.508200e-02
2.340000e+00,1.182700e-02
2.345000e+00,9.390000e-03
2.350000e+00,4.230200e-03
2.355000e+00,-7.475700e-04
2.360000e+00,-1.089000e-03
2.365000e+00,9.312300e-04
2.370000e+00,5.596900e-03
2.375000e+00,8.592900e-03
2.380000e+00,7.439500e-03
2.385000e+00,6.155700e-03
2.390000e+00,4.528100e-03
2.395000e+00,3.220200e-03
2.400000e+00,3.902000e-03
2.405000e+00,3.728900e-03
2.410000e+00,4.209700e-03
2.415000e+00,4.085700e-03
2.420000e+00,9.456200e-04
2.425000e+00,-1.478800e-03
2.430000e+00,-3.382200e-03
2.435000e+00,-1.919700e-03
2.440000e+00,2.345500e-03
2.445000e+00,4.529000e-03
2.450000e+00,6.548500e-03
2.455000e+00,8.591600e-03
2.460000e+00,1.091400e-02
2.465000e+00,1.468600e-02
2.470000e+00,1.490900e-02
2.475000e+00,1.132500e-02
2.480000e+00,7.820600e-03
2.485000e+00,3.608000e-03
2.490000e+00,9.044600e-04
2.495000e+00,-1.015700e-03
2.500000e+00,-4.423300e-03
2.505000e+00,-5.068400e-03
2.510000e+00,-2.772300e-03
2.515000e+00,4.616700e-05
2.520000e+00,4.982800e-03
2.525000e+00,8.818900e-03
2.530000e+00,1.085700e-02
2.535000e+00,1.312900e-02
2.540000e+00,1.222500e-02
2.545000e+00,1.159700e-02
2.550000e+00,1.582800e-02
2.555000e+00,2.311200e-02
2.560000e+00,3.426500e-02
2.565000e+00,4.321500e-02
2.570000e+00,4.694200e-02
2.575000e+00,4.798900e-02
2.580000e+00,4.652200e-02
2.585000e+00,4.424100e-02
2.590000e+00,4.060700e-02
2.595000e+00,3.620700e-02
2.600000e+00,3.219100e-02
2.605000e+00,2.996500e-02
2.610000e+00,3.006100e-02
2.615000e+00,3.194000e-02
2.620000e+00,3.392300e-02
2.625000e+00,3.474800e-02
2.630000e+00,3.256400e-02
2.635000e+00,2.969700e-02
2.640000e+00,3.018600e-02
2.645000e+00,3.281500e-02
2.650000e+00,3.666700e-02
2.655000e+00,3.942700e-02
2.660000e+00,4.014500e-02
2.665000e+00,4.242200e-02
2.670000e+00,4.592900e-02
2.675000e+00,4.597700e-02
2.680000e+00,4.491800e-02
2.685000e+00,4.293800e-02
2.690000e+00,4.227700e-02
2.695000e+00,4.310700e-02
2.700000e+00,3.695600e-02
2.705000e+00,2.351800e-02
2.710000e+00,9.467800e-03
2.715000e+00,3.340000e-03
2.720000e+00,1.545100e-02
2.725000e+00,4.322000e-02
2.730000e+00,7.359400e-02
2.735000e+00,9.496600e-02
2.740000e+00,9.732200e-02
2.745000e+00,8.700200e-02
2.750000e+00,7.535300e-02
2.755000e+00,6.503700e-02
2.760000e+00,5.917100e-02
2.765000e+00,5.483900e-02
2.770000e+00,5.373400e-02
2.775000e+00,6.489800e-02
2.780000e+00,7.678300e-02
2.785000e+00,7.704600e-02
2.790000e+00,6.421000e-02
2.795000e+00,4.239100e-02
2.800000e+00,3.033700e-02
2.805000e+00,3.239600e-02
2.810000e+00,3.158200e-02
2.815000e+00,2.459100e-02
2.820000e+00,1.816600e-02
2.825000e+00,1.724100e-02
2.830000e+00,2.935100e-02
2.835000e+00,3.885600e-02
2.840000e+00,3.835700e-02
2.845000e+00,3.366500e-02
2.850000e+00,3.145600e-02
2.855000e+00,3.066400e-02
2.860000e+00,2.973900e-02
2.865000e+00,2.695300e-02
2.870000e+00,2.388800e-02
2.875000e+00,2.683000e-02
2.880000e+00,2.998000e-02
2.885000e+00,3.151300e-02
2.890000e+00,3.070400e-02
2.895000e+00,3.474400e-02
2.900000e+00,3.487700e-02
2.905000e+00,3.604600e-02
2.910000e+00,3.444000e-02
2.915000e+00,2.950600e-02
2.920000e+00,3.063300e-02
2.925000e+00,3.123600e-02
2.930000e+00,3.239900e-02
2.935000e+00,3.616000e-02
2.940000e+00,4.257400e-02
2.945000e+00,4.626300e-02
2.950000e+00,4.791800e-02
2.955000e+00,4.173400e-02
2.960000e+00,3.160700e-02
2.965000e+00,2.315600e-02
2.970000e+00,1.519200e-02
2.975000e+00,9.487700e-03
2.980000e+00,7.345700e-03
2.985000e+00,8.850500e-03
2.990000e+00,1.303400e-02
2.995000e+00,2.019600e-02
3.000000e+00,2.613100e-02
3.005000e+00,3.065300e-02
3.010000e+00,3.437600e-02
3.015000e+00,3.647200e-02
3.020000e+00,3.681100e-02
3.025000e+00,3.555200e-02
3.030000e+00,3.521500e-02
3.035000e+00,3.683600e-02
3.040000e+00,4.393100e-02
3.045000e+00,5.271900e-02
3.050000e+00,5.489900e-02
3.055000e+00,4.929200e-02
3.060000e+00,4.047900e-02
3.065000e+00,3.574300e-02
3.070000e+00,4.054500e-02
3.075000e+00,4.678900e-02
3.080000e+00,4.436800e-02
3.085000e+00,3.764000e-02
3.090000e+00,3.049000e-02
3.095000e+00,3.046700e-02
3.100000e+00,3.717000e-02
3.105000e+00,3.990900e-02
3.110000e+00,3.732700e-02
3.115000e+00,3.255900e-02
3.120000e+00,2.879800e-02
3.125000e+00,2.899400e-02
3.130000e+00,2.925900e-02
3.135000e+00,2.603400e-02
3.140000e+00,2.057300e-02
3.145000e+00,1.788100e-02
3.150000e+00,2.126600e-02
3.155000e+00,2.625300e-02
3.160000e+00,2.546600e-02
3.165000e+00,1.776100e-02
3.170000e+00,1.001900e-02
3.175000e+00,1.467500e-02
3.180000e+00,2.685700e-02
3.185000e+00,3.658300e-02
3.190000e+00,3.962800e-02
3.195000e+00,3.835100e-02
3.200000e+00,4.515900e-02
3.205000e+00,5.802000e-02
3.210000e+00,6.651100e-02
3.215000e+00,6.935800e-02
3.220000e+00,7.244400e-02
3.225000e+00,7.730700e-02
3.230000e+00,8.259200e-02
3.235000e+00,7.746200e-02
3.240000e+00,6.400400e-02
3.245000e+00,5.606800e-02
3.250000e+00,5.592500e-02
3.255000e+00,6.020700e-02
3.260000e+00,6.144600e-02
3.265000e+00,5.805400e-02
3.270000e+00,5.463400e-02
3.275000e+00,5.498500e-02
3.280000e+00,5.509900e-02
3.285000e+00,5.752700e-02
3.290000e+00,6.312100e-02
3.295000e+00,6.665800e-02
3.300000e+00,6.510400e-02
3.305000e+00,5.705600e-02
3.310000e+00,5.143700e-02
3.315000e+00,5.548300e-02
3.320000e+00,6.434700e-02
3.325000e+00,6.854200e-02
3.330000e+00,6.530500e-02
3.335000e+00,6.143400e-02
3.340000e+00,6.499200e-02
3.345000e+00,6.796200e-02
3.350000e+00,6.880700e-02
3.355000e+00,6.437900e-02
3.360000e+00,6.017700e-02
3.365000e+00,6.256700e-02
3.370000e+00,6.674900e-02
3.375000e+00,6.875500e-02
3.380000e+00,7.122700e-02
3.385000e+00,7.286800e-02
3.390000e+00,7.060400e-02
3.395000e+00,6.805300e-02
3.400000e+00,5.750800e-02
3.405000e+00,4.850700e-02
3.410000e+00,4.186600e-02
3.415000e+00,3.466800e-02
3.420000e+00,3.031500e-02
3.425000e+00,2.993900e-02
3.430000e+00,3.128100e-02
3.435000e+00,3.595800e-02
3.440000e+00,3.950500e-02
3.445000e+00,3.910400e-02
3.450000e+00,3.949800e-02
3.455000e+00,3.671000e-02
3.460000e+00,3.475600e-02
3.465000e+00,3.330600e-02
3.470000e+00,3.703800e-02
3.475000e+00,4.561100e-02
3.480000e+00,5.582400e-02
3.485000e+00,6.768800e-02
3.490000e+00,7.704300e-02
3.495000e+00,8.398000e-02
3.500000e+00,8.777100e-02
3.505000e+00,8.427400e-02
3.510000e+00,7.608300e-02
3.515000e+00,7.318600e-02
3.520000e+00,7.272400e-02
3.525000e+00,7.711200e-02
3.530000e+00,8.100000e-02
3.535000e+00,7.802500e-02
3.540000e+00,7.623900e-02
3.545000e+00,7.576400e-02
3.550000e+00,7.621000e-02
3.555000e+00,7.813600e-02
3.560000e+00,7.696500e-02
3.565000e+00,7.236600e-02
3.570000e+00,6.770600e-02
3.575000e+00,6.109700e-02
3.580000e+00,5.696900e-02
3.585000e+00,5.565400e-02
3.590000e+00,5.768500e-02
3.595000e+00,6.249500e-02
3.600000e+00,6.587500e-02
3.605000e+00,6.488800e-02
3.610000e+00,5.953200e-02
3.615000e+00,5.324400e-02
3.620000e+00,5.024400e-02
3.625000e+00,5.283100e-02
3.630000e+00,5.830200e-02
3.635000e+00,6.603000e-02
3.640000e+00,7.451500e-02
3.645000e+00,8.153800e-02
3.650000e+00,8.549700e-02
3.655000e+00,8.215900e-02
3.660000e+00,7.429700e-02
3.665000e+00,6.827300e-02
3.670000e+00,6.501500e-02
3.675000e+00,6.372200e-02
3.680000e+00,6.073400e-02
3.685000e+00,5.483200e-02
3.690000e+00,5.309200e-02
3.695000e+00,5.633600e-02
3.700000e+00,5.965900e-02
3.705000e+00,5.992800e-02
3.710000e+00,5.532200e-02
3.715000e+00,4.784900e-02
3.720000e+00,4.441200e-02
3.725000e+00,4.101900e-02
3.730000e+00,4.095600e-02
3.735000e+00,4.402900e-02
3.740000e+00,4.943600e-02
3.745000e+00,5.665800e-02
3.750000e+00,6.317800e-02
3.755000e+00,6.926600e-02
3.760000e+00,7.156000e-02
3.765000e+00,7.249500e-02
3.770000e+00,7.006500e-02
3.775000e+00,6.766500e-02
3.780000e+00,7.109300e-02
3.785000e+00,7.478300e-02
3.790000e+00,7.576200e-02
3.795000e+00,7.746200e-02
3.800000e+00,8.033800e-02
3.805000e+00,9.066700e-02
3.810000e+00,9.961600e-02
3.815000e+00,9.680500e-02
3.820000e+00,8.635000e-02
3.825000e+00,7.675800e-02
3.830000e+00,7.659100e-02
3.835000e+00,8.068800e-02
3.840000e+00,8.460000e-02
3.845000e+00,8.194800e-02
3.850000e+00,7.964300e-02
3.855000e+00,7.930100e-02
3.860000e+00,7.494400e-02
3.865000e+00,6.953300e-02
3.870000e+00,6.335700e-02
3.875000e+00,5.933100e-02
3.880000e+00,5.632000e-02
3.885000e+00,5.347100e-02
3.890000e+00,5.088500e-02
3.895000e+00,5.475700e-02
3.900000e+00,6.193500e-02
3.905000e+00,6.706900e-02
3.910000e+00,6.683400e-02
3.915000e+00,6.583000e-02
3.920000e+00,6.618700e-02
3.925000e+00,6.489500e-02
3.930000e+00,6.180600e-02
3.935000e+00,5.724500e-02
3.940000e+00,5.889200e-02
3.945000e+00,6.635200e-02
3.950000e+00,7.037200e-02
3.955000e+00,6.703400e-02
3.960000e+00,6.243000e-02
3.965000e+00,6.132600e-02
3.970000e+00,6.600000e-02
3.975000e+00,6.878700e-02
3.980000e+00,6.541600e-02
3.985000e+00,6.028800e-02
3.990000e+00,5.908000e-02
3.995000e+00,6.146300e-02
4.000000e+00,6.410900e-02
4.005000e+00,6.606000e-02
4.010000e+00,6.736500e-02
4.015000e+00,6.971700e-02
4.020000e+00,7.379700e-02
4.025000e+00,7.755700e-02
4.030000e+00,7.729100e-02
4.035000e+00,7.755600e-02
4.040000e+00,7.605800e-02
4.045000e+00,7.603000e-02
4.050000e+00,8.166700e-02
4.055000e+00,8.644600e-02
4.060000e+00,8.630500e-02
4.065000e+00,8.569300e-02
4.070000e+00,8.388300e-02
4.075000e+00,8.715500e-02
4.080000e+00,9.829000e-02
4.085000e+00,1.003500e-01
4.090000e+00,9.906600e-02
4.095000e+00,9.662000e-02
4.100000e+00,9.505700e-02
4.105000e+00,1.027300e-01
4.110000e+00,1.091200e-01
4.115000e+00,1.084000e-01
4.120000e+00,1.053300e-01
4.125000e+00,9.998800e-02
4.130000e+00,9.611800e-02
4.135000e+00,9.616200e-02
4.140000e+00,9.340300e-02
4.145000e+00,9.110600e-02
4.150000e+00,9.065500e-02
4.155000e+00,9.154700e-02
4.160000e+00,9.412600e-02
4.165000e+00,9.335500e-02
4.170000e+00,8.610100e-02
4.175000e+00,8.019300e-02
4.180000e+00,7.800700e-02
4.185000e+00,8.163900e-02
4.190000e+00,8.882900e-02
4.195000e+00,8.940700e-02
4.200000e+00,8.915400e-02
4.205000e+00,8.874600e-02
4.210000e+00,9.069100e-02
4.215000e+00,9.215600e-02
4.220000e+00,8.920700e-02
4.225000e+00,8.576600e-02
4.230000e+00,8.442700e-02
4.235000e+00,8.735400e-02
4.240000e+00,8.980700e-02
4.245000e+00,8.985700e-02
4.250000e+00,8.871100e-02
4.255000e+00,8.882100e-02
4.260000e+00,9.204400e-02
4.265000e+00,9.559100e-02
4.270000e+00,9.754400e-02
4.275000e+00,9.736600e-02
4.280000e+00,9.621300e-02
4.285000e+00,9.674100e-02
4.290000e+00,1.013900e-01
4.295000e+00,1.074900e-01
4.300000e+00,1.107300e-01
4.305000e+00,1.061500e-01
4.310000e+00,1.009000e-01
4.315000e+00,1.011400e-01
4.320000e+00,1.093600e-01
4.325000e+00,1.166800e-01
4.330000e+00,1.138100e-01
4.335000e+00,1.047400e-01
4.340000e+00,9.852100e-02
4.345000e+00,1.019500e-01
4.350000e+00,1.086300e-01
4.355000e+00,1.087500e-01
4.360000e+00,1.057200e-01
4.365000e+00,1.039500e-01
4.370000e+00,1.036400e-01
4.375000e+00,1.040400e-01
4.380000e+00,9.769300e-02
4.385000e+00,9.191000e-02
4.390000e+00,9.316600e-02
4.395000e+00,9.583000e-02
4.400000e+00,9.679300e-02
4.405000e+00,9.747400e-02
4.410000e+00,9.398600e-02
4.415000e+00,9.416400e-02
4.420000e+00,9.228300e-02
4.425000e+00,8.571300e-02
4.430000e+00,8.499600e-02
4.435000e+00,8.735700e-02
4.440000e+00,9.082100e-02
4.445000e+00,9.115600e-02
4.450000e+00,8.807200e-02
4.455000e+00,8.694500e-02
4.460000e+00,9.098100e-02
4.465000e+00,9.359600e-02
4.470000e+00,9.229500e-02
4.475000e+00,8.902300e-02
4.480000e+00,8.864500e-02
4.485000e+00,8.747800e-02
4.490000e+00,8.307200e-02
4.495000e+00,7.894800e-02
4.500000e+00,7.770300e-02
4.505000e+00,8.392900e-02
4.510000e+00,8.824800e-02
4.515000e+00,8.418900e-02
4.520000e+00,7.780800e-02
4.525000e+00,7.568700e-02
4.530000e+00,7.837600e-02
4.535000e+00,8.428700e-02
4.540000e+00,8.396500e-02
4.545000e+00,8.084800e-02
4.550000e+00,8.222000e-02
4.555000e+00,8.590600e-02
4.560000e+00,9.418700e-02
4.565000e+00,9.973500e-02
4.570000e+00,1.009600e-01
4.575000e+00,9.869600e-02
4.580000e+00,9.558700e-02
4.585000e+00,9.510200e-02
4.590000e+00,9.872000e-02
4.595000e+00,1.010200e-01
4.600000e+00,1.015100e-01
4.605000e+00,1.029500e-01
4.610000e+00,1.046900e-01
4.615000e+00,1.103000e-01
4.620000e+00,1.111900e-01
4.625000e+00,1.057700e-01
4.630000e+00,1.015500e-01
4.635000e+00,1.015600e-01
4.640000e+00,1.047300e-01
4.645000e+00,1.082600e-01
4.650000e+00,1.066800e-01
4.655000e+00,1.034800e-01
4.660000e+00,1.045800e-01
4.665000e+00,1.058000e-01
4.670000e+00,1.074200e-01
4.675000e+00,1.083000e-01
4.680000e+00,1.061500e-01
4.685000e+00,1.025400e-01
4.690000e+00,9.968300e-02
4.695000e+00,9.665400e-02
4.700000e+00,9.742900e-02
4.705000e+00,9.948500e-02
4.710000e+00,1.003400e-01
4.715000e+00,1.022000e-01
4.720000e+00,1.052000e-01
4.725000e+00,1.097000e-01
4.730000e+00,1.121500e-01
4.735000e+00,1.142900e-01
4.740000e+00,1.171700e-01
4.745000e+00,1.209600e-01
4.750000e+00,1.218000e-01
4.755000e+00,1.189800e-01
4.760000e+00,1.137700e-01
4.765000e+00,1.157500e-01
4.770000e+00,1.210900e-01
4.775000e+00,1.232700e-01
4.780000e+00,1.200500e-01
4.785000e+00,1.117700e-01
4.790000e+00,1.083400e-01
4.795000e+00,1.088200e-01
4.800000e+00,1.097400e-01
4.805000e+00,1.113800e-01
4.810000e+00,1.138600e-01
4.815000e+00,1.144900e-01
4.820000e+00,1.156400e-01
4.825000e+00,1.114500e-01
4.830000e+00,1.111000e-01
4.835000e+00,1.162800e-01
4.840000e+00,1.193300e-01
4.845000e+00,1.214900e-01
4.850000e+00,1.206600e-01
4.855000e+00,1.208800e-01
4.860000e+00,1.246800e-01
4.865000e+00,1.244000e-01
4.870000e+00,1.183700e-01
4.875000e+00,1.168900e-01
4.880000e+00,1.201500e-01
4.885000e+00,1.255100e-01
4.890000e+00,1.271700e-01
4.895000e+00,1.214700e-01
4.900000e+00,1.172600e-01
4.905000e+00,1.209400e-01
4.910000e+00,1.265700e-01
4.915000e+00,1.306300e-01
4.920000e+00,1.328100e-01
4.925000e+00,1.336100e-01
4.930000e+00,1.345500e-01
4.935000e+00,1.320300e-01
4.940000e+00,1.271200e-01
4.945000e+00,1.231000e-01
4.950000e+00,1.227400e-01
4.955000e+00,1.224000e-01
4.960000e+00,1.196700e-01
4.965000e+00,1.177400e-01
4.970000e+00,1.176200e-01
4.975000e+00,1.185600e-01
4.980000e+00,1.173800e-01
4.985000e+00,1.160400e-01
4.990000e+00,1.143700e-01
4.995000e+00,1.178700e-01
5.000000e+00,1.183400e-01
5.005000e+00,1.168200e-01
5.010000e+00,1.178200e-01
5.015000e+00,1.211700e-01
5.020000e+00,1.265900e-01
5.025000e+00,1.278400e-01
5.030000e+00,1.241200e-01
5.035000e+00,1.219400e-01
5.040000e+00,1.227400e-01
5.045000e+00,1.247000e-01
5.050000e+00,1.254900e-01
5.055000e+00,1.244900e-01
5.060000e+00,1.250700e-01
5.065000e+00,1.239700e-01
5.070000e+00,1.201800e-01
5.075000e+00,1.150500e-01
5.080000e+00,1.131200e-01
5.085000e+00,1.152500e-01
5.090000e+00,1.184800e-01
5.095000e+00,1.183100e-01
5.100000e+00,1.158100e-01
5.105000e+00,1.160900e-01
5.110000e+00,1.166900e-01
5.115000e+00,1.179100e-01
5.120000e+00,1.196700e-01
5.125000e+00,1.193600e-01
5.130000e+00,1.202400e-01
5.135000e+00,1.194100e-01
5.140000e+00,1.158500e-01
5.145000e+00,1.120700e-01
5.150000e+00,1.102600e-01
5.155000e+00,1.088800e-01
5.160000e+00,1.113400e-01
5.165000e+00,1.162000e-01
5.170000e+00,1.203000e-01
5.175000e+00,1.211500e-01
5.180000e+00,1.187300e-01
5.185000e+00,1.163600e-01
5.190000e+00,1.211100e-01
5.195000e+00,1.282600e-01
5.200000e+00,1.303600e-01
5.205000e+00,1.279900e-01
5.210000e+00,1.246200e-01
5.215000e+00,1.257700e-01
5.220000e+00,1.296300e-01
5.225000e+00,1.318600e-01
5.230000e+00,1.302500e-01
5.235000e+00,1.287600e-01
5.240000e+00,1.248000e-01
5.245000e+00,1.192500e-01
5.250000e+00,1.146800e-01
5.255000e+00,1.155500e-01
5.260000e+00,1.222000e-01
5.265000e+00,1.266200e-01
5.270000e+00,1.233900e-01
5.275000e+00,1.188900e-01
5.280000e+00,1.190800e-01
5.285000e+00,1.247100e-01
5.290000e+00,1.297900e-01
5.295000e+00,1.281800e-01
5.300000e+00,1.264500e-01
5.305000e+00,1.288200e-01
5.310000e+00,1.319600e-01
5.315000e+00,1.329000e-01
5.320000e+00,1.315000e-01
5.325000e+00,1.297800e-01
5.330000e+00,1.324800e-01
5.335000e+00,1.337300e-01
5.340000e+00,1.320700e-01
5.345000e+00,1.305700e-01
5.350000e+00,1.288800e-01
5.355000e+00,1.276300e-01
5.360000e+00,1.249000e-01
5.365000e+00,1.248400e-01
5.370000e+00,1.290400e-01
5.375000e+00,1.354700e-01
5.380000e+00,1.390600e-01
5.385000e+00,1.360200e-01
5.390000e+00,1.334600e-01
5.395000e+00,1.326200e-01
5.400000e+00,1.316900e-01
5.405000e+00,1.293600e-01
5.410000e+00,1.270700e-01
5.415000e+00,1.258700e-01
5.420000e+00,1.275500e-01
5.425000e+00,1.280400e-01
5.430000e+00,1.261300e-01
5.435000e+00,1.278200e-01
5.440000e+00,1.307900e-01
5.445000e+00,1.317300e-01
5.450000e+00,1.309000e-01
5.455000e+00,1.300100e-01
5.460000e+00,1.332300e-01
5.465000e+00,1.416000e-01
5.470000e+00,1.456200e-01
5.475000e+00,1.461900e-01
5.480000e+00,1.457300e-01
5.485000e+00,1.455700e-01
5.490000e+00,1.476600e-01
5.495000e+00,1.470400e-01
5.500000e+00,1.442500e-01
5.505000e+00,1.446200e-01
5.510000e+00,1.436600e-01
5.515000e+00,1.434100e-01
5.520000e+00,1.417600e-01
5.525000e+00,1.391700e-01
5.530000e+00,1.401700e-01
5.535000e+00,1.419800e-01
5.540000e+00,1.442500e-01
5.545000e+00,1.448700e-01
5.550000e+00,1.453100e-01
5.555000e+00,1.441700e-01
5.560000e+00,1.442800e-01
5.565000e+00,1.455200e-01
5.570000e+00,1.478100e-01
5.575000e+00,1.503200e-01
5.580000e+00,1.517000e-01
5.585000e+00,1.508900e-01
5.590000e+00,1.508800e-01
5.595000e+00,1.490400e-01
5.600000e+00,1.442700e-01
5.605000e+00,1.373900e-01
5.610000e+00,1.273100e-01
5.615000e+00,1.228200e-01
5.620000e+00,1.238400e-01
5.625000e+00,1.327300e-01
5.630000e+00,1.477200e-01
5.635000e+00,1.589900e-01
5.640000e+00,1.624900e-01
5.645000e+00,1.584400e-01
5.650000e+00,1.524900e-01
5.655000e+00,1.500800e-01
5.660000e+00,1.495400e-01
5.665000e+00,1.478600e-01
5.670000e+00,1.512800e-01
5.675000e+00,1.582200e-01
5.680000e+00,1.691100e-01
5.685000e+00,1.741500e-01
5.690000e+00,1.689100e-01
5.695000e+00,1.648300e-01
5.700000e+00,1.683000e-01
5.705000e+00,1.782800e-01
5.710000e+00,1.727000e-01
5.715000e+00,1.540300e-01
5.720000e+00,1.326400e-01
5.725000e+00,1.307600e-01
5.730000e+00,1.469900e-01
5.735000e+00,1.618200e-01
5.740000e+00,1.613600e-01
5.745000e+00,1.505300e-01
5.750000e+00,1.463700e-01
5.755000e+00,1.508700e-01
5.760000e+00,1.569500e-01
5.765000e+00,1.588200e-01
5.770000e+00,1.528400e-01
5.775000e+00,1.520500e-01
5.780000e+00,1.547800e-01
5.785000e+00,1.575600e-01
5.790000e+00,1.585000e-01
5.795000e+00,1.498700e-01
5.800000e+00,1.396700e-01
5.805000e+00,1.272700e-01
5.810000e+00,1.253900e-01
5.815000e+00,1.260100e-01
5.820000e+00,1.310700e-01
5.825000e+00,1.368600e-01
5.830000e+00,1.406600e-01
5.835000e+00,1.511400e-01
5.840000e+00,1.599100e-01
5.845000e+00,1.638900e-01
5.850000e+00,1.618900e-01
5.855000e+00,1.571800e-01
5.860000e+00,1.482400e-01
5.865000e+00,1.338900e-01
5.870000e+00,1.187300e-01
5.875000e+00,1.094200e-01
5.880000e+00,1.160600e-01
5.885000e+00,1.250000e-01
5.890000e+00,1.210400e-01
5.895000e+00,1.040000e-01
5.900000e+00,8.732100e-02
5.905000e+00,8.433400e-02
5.910000e+00,9.499300e-02
5.915000e+00,1.076600e-01
5.920000e+00,1.199200e-01
5.925000e+00,1.310300e-01
5.930000e+00,1.396600e-01
5.935000e+00,1.394700e-01
5.940000e+00,1.343600e-01
5.945000e+00,1.373900e-01
5.950000e+00,1.491900e-01
5.955000e+00,1.583000e-01
5.960000e+00,1.543500e-01
5.965000e+00,1.421300e-01
5.970000e+00,1.364300e-01
5.975000e+00,1.410100e-01
5.980000e+00,1.446100e-01
5.985000e+00,1.391000e-01
5.990000e+00,1.379200e-01
5.995000e+00,1.414300e-01
6.000000e+00,1.463300e-01
6.005000e+00,1.422800e-01
6.010000e+00,1.327900e-01
6.015000e+00,1.367300e-01
6.020000e+00,1.502700e-01
6.025000e+00,1.576300e-01
6.030000e+00,1.385800e-01
6.035000e+00,1.087700e-01
6.040000e+00,9.344700e-02
6.045000e+00,1.066500e-01
6.050000e+00,1.357900e-01
6.055000e+00,1.585800e-01
6.060000e+00,1.631600e-01
6.065000e+00,1.589000e-01
6.070000e+00,1.571700e-01
6.075000e+00,1.603500e-01
6.080000e+00,1.602400e-01
6.085000e+00,1.526500e-01
6.090000e+00,1.309600e-01
6.095000e+00,1.202800e-01
6.100000e+00,1.320700e-01
6.105000e+00,1.611000e-01
6.110000e+00,1.862000e-01
6.115000e+00,1.893400e-01
6.120000e+00,1.745500e-01
6.125000e+00,1.566100e-01
6.130000e+00,1.474100e-01
6.135000e+00,1.303300e-01
6.140000e+00,1.136600e-01
6.145000e+00,1.135500e-01
6.150000e+00,1.320900e-01
6.155000e+00,1.563300e-01
6.160000e+00,1.535700e-01
6.165000e+00,1.177100e-01
6.170000e+00,8.107200e-02
6.175000e+00,6.900800e-02
6.180000e+00,8.340400e-02
6.185000e+00,9.549500e-02
6.190000e+00,1.077300e-01
6.195000e+00,1.166100e-01
6.200000e+00,1.397600e-01
6.205000e+00,1.739300e-01
6.210000e+00,1.829600e-01
6.215000e+00,1.782400e-01
6.220000e+00,1.619300e-01
6.225000e+00,1.528100e-01
6.230000e+00,1.602900e-01
6.235000e+00,1.688400e-01
6.240000e+00,1.711700e-01
6.245000e+00,1.637600e-01
6.250000e+00,1.611600e-01
6.255000e+00,1.571500e-01
6.260000e+00,1.518100e-01
6.265000e+00,1.382200e-01
6.270000e+00,1.193900e-01
6.275000e+00,1.190600e-01
6.280000e+00,1.293600e-01
6.285000e+00,1.420000e-01
6.290000e+00,1.359800e-01
6.295000e+00,1.170800e-01
6.300000e+00,1.067800e-01
6.305000e+00,1.072400e-01
6.310000e+00,1.159300e-01
6.315000e+00,1.159000e-01
6.320000e+00,1.075200e-01
6.325000e+00,1.116700e-01
6.330000e+00,1.234700e-01
6.335000e+00,1.421200e-01
6.340000e+00,1.534200e-01
6.345000e+00,1.523400e-01
6.350000e+00,1.418400e-01
6.355000e+00,1.300400e-01
6.360000e+00,1.311900e-01
6.365000e+00,1.472500e-01
6.370000e+00,1.718200e-01
6.375000e+00,1.745800e-01
6.380000e+00,1.530400e-01
6.385000e+00,1.270600e-01
6.390000e+00,1.227200e-01
6.395000e+00,1.330900e-01
6.400000e+00,1.284800e-01
6.405000e+00,9.370500e-02
6.410000e+00,5.465900e-02
6.415000e+00,4.944700e-02
6.420000e+00,7.329300e-02
6.425000e+00,9.282900e-02
6.430000e+00,9.289700e-02
6.435000e+00,7.859400e-02
6.440000e+00,8.768500e-02
6.445000e+00,1.054700e-01
6.450000e+00,1.062300e-01
6.455000e+00,8.499400e-02
6.460000e+00,5.384300e-02
6.465000e+00,5.429700e-02
6.470000e+00,8.092500e-02
6.475000e+00,1.067100e-01
6.480000e+00,1.073300e-01
6.485000e+00,9.635600e-02
6.490000e+00,9.242400e-02
6.495000e+00,1.184700e-01
6.500000e+00,1.564900e-01
6.505000e+00,1.674700e-01
6.510000e+00,1.531600e-01
6.515000e+00,1.265700e-01
6.520000e+00,1.129400e-01
6.525000e+00,1.280900e-01
6.530000e+00,1.378200e-01
6.535000e+00,1.326300e-01
6.540000e+00,1.178700e-01
6.545000e+00,9.766900e-02
6.550000e+00,7.990600e-02
6.555000e+00,4.918300e-02
6.560000e+00,2.181200e-02
6.565000e+00,2.145000e-02
6.570000e+00,5.594600e-02
6.575000e+00,9.654300e-02
6.580000e+00,1.050100e-01
6.585000e+00,9.213500e-02
6.590000e+00,9.852200e-02
6.595000e+00,1.379400e-01
6.600000e+00,1.739500e-01
6.605000e+00,1.663900e-01
6.610000e+00,1.123000e-01
6.615000e+00,7.241600e-02
6.620000e+00,8.398500e-02
6.625000e+00,1.166900e-01
6.630000e+00,1.370700e-01
6.635000e+00,1.290400e-01
6.640000e+00,1.127800e-01
6.645000e+00,1.285600e-01
6.650000e+00,1.483700e-01
6.655000e+00,1.470700e-01
6.660000e+00,1.208000e-01
6.665000e+00,8.071700e-02
6.670000e+00,5.992200e-02
6.675000e+00,6.245200e-02
6.680000e+00,7.445200e-02
6.685000e+00,8.228200e-02
6.690000e+00,7.989000e-02
6.695000e+00,6.134200e-02
6.700000e+00,4.600300e-02
6.705000e+00,4.237400e-02
6.710000e+00,6.146200e-02
6.715000e+00,9.039900e-02
6.720000e+00,1.062700e-01
6.725000e+00,1.103300e-01
6.730000e+00,1.107200e-01
6.735000e+00,1.192100e-01
6.740000e+00,1.348200e-01
6.745000e+00,1.315200e-01
6.750000e+00,1.236000e-01
6.755000e+00,1.247400e-01
6.760000e+00,1.501500e-01
6.765000e+00,1.769400e-01
6.770000e+00,1.759700e-01
6.775000e+00,1.469700e-01
6.780000e+00,1.226300e-01
6.785000e+00,1.440000e-01
6.790000e+00,1.766700e-01
6.795000e+00,1.894600e-01
6.800000e+00,1.512000e-01
6.805000e+00,9.586500e-02
6.810000e+00,7.018500e-02
6.815000e+00,8.146100e-02
6.820000e+00,8.930800e-02
6.825000e+00,7.265300e-02
6.830000e+00,4.086100e-02
6.835000e+00,2.489800e-02
6.840000e+00,3.566400e-02
6.845000e+00,4.637600e-02
6.850000e+00,3.997400e-02
6.855000e+00,2.398900e-02
6.860000e+00,2.135400e-02
6.865000e+00,2.963500e-02
6.870000e+00,4.231200e-02
6.875000e+00,5.267800e-02
6.880000e+00,7.761000e-02
6.885000e+00,1.182300e-01
6.890000e+00,1.623600e-01
6.895000e+00,1.751100e-01
6.900000e+00,1.646100e-01
6.905000e+00,1.532100e-01
6.910000e+00,1.581700e-01
6.915000e+00,1.785200e-01
6.920000e+00,1.763000e-01
6.925000e+00,1.553600e-01
6.930000e+00,1.294400e-01
6.935000e+00,1.207000e-01
6.940000e+00,1.326800e-01
6.945000e+00,1.334700e-01
6.950000e+00,1.051700e-01
6.955000e+00,6.224000e-02
6.960000e+00,3.017600e-02
6.965000e+00,3.174000e-02
6.970000e+00,5.611800e-02
6.975000e+00,6.113000e-02
6.980000e+00,4.349700e-02
6.985000e+00,2.167000e-02
6.990000e+00,1.973800e-02
6.995000e+00,3.615500e-02
7.000000e+00,4.219800e-02
7.005000e+00,1.615200e-02
7.010000e+00,-9.572500e-03
7.015000e+00,-6.370600e-03
7.020000e+00,1.954800e-02
7.025000e+00,4.947200e-02
7.030000e+00,5.587900e-02
7.035000e+00,6.734000e-02
7.040000e+00,1.012600e-01
7.045000e+00,1.455300e-01
7.050000e+00,1.702800e-01
7.055000e+00,1.580300e-01
7.060000e+00,1.367300e-01
7.065000e+00,1.301200e-01
7.070000e+00,1.405200e-01
7.075000e+00,1.492200e-01
7.080000e+00,1.444400e-01
7.085000e+00,1.296800e-01
7.090000e+00,1.058000e-01
7.095000e+00,8.968400e-02
7.100000e+00,6.758700e-02
7.105000e+00,6.507100e-02
7.110000e+00,5.984000e-02
7.115000e+00,3.788600e-02
7.120000e+00,6.502800e-03
7.125000e+00,-3.312900e-02
7.130000e+00,-4.925600e-02
7.135000e+00,-5.284000e-02
7.140000e+00,-4.622500e-02
7.145000e+00,-4.224300e-02
7.150000e+00,-2.256500e-02
7.155000e+00,8.369700e-03
7.160000e+00,3.148200e-02
7.165000e+00,4.782300e-02
7.170000e+00,6.329300e-02
7.175000e+00,8.337600e-02
7.180000e+00,1.056200e-01
7.185000e+00,1.072400e-01
7.190000e+00,8.400500e-02
7.195000e+00,8.163000e-02
7.200000e+00,9.834800e-02
7.205000e+00,1.160600e-01
7.210000e+00,1.121600e-01
7.215000e+00,7.140300e-02
7.220000e+00,3.483400e-02
7.225000e+00,3.810800e-02
7.230000e+00,5.741600e-02
7.235000e+00,7.300900e-02
7.240000e+00,6.733300e-02
7.245000e+00,4.539300e-02
7.250000e+00,4.253300e-02
7.255000e+00,5.010000e-02
7.260000e+00,5.388700e-02
7.265000e+00,3.737400e-02
7.270000e+00,7.526000e-03
7.275000e+00,-1.696100e-02
7.280000e+00,-2.568800e-02
7.285000e+00,-2.518000e-02
7.290000e+00,-3.434700e-02
7.295000e+00,-3.918600e-02
7.300000e+00,-2.234200e-02
7.305000e+00,2.060100e-02
7.310000e+00,6.647000e-02
7.315000e+00,7.599500e-02
7.320000e+00,5.330600e-02
7.325000e+00,3.644500e-02
7.330000e+00,5.192300e-02
7.335000e+00,1.000800e-01
7.340000e+00,1.232100e-01
7.345000e+00,1.132200e-01
7.350000e+00,8.228900e-02
7.355000e+00,6.530700e-02
7.360000e+00,8.369500e-02
7.365000e+00,9.484700e-02
7.370000e+00,8.918900e-02
7.375000e+00,5.278300e-02
7.380000e+00,1.528900e-02
7.385000e+00,-4.852800e-03
7.390000e+00,-6.399600e-03
7.395000e+00,-4.138700e-03
7.400000e+00,-5.417000e-03
7.405000e+00,-7.116300e-03
7.410000e+00,-1.012900e-02
7.415000e+00,-5.654600e-04
7.420000e+00,3.943200e-03
7.425000e+00,1.015100e-02
7.430000e+00,2.599600e-02
7.435000e+00,3.867800e-02
7.440000e+00,6.078600e-02
7.445000e+00,6.612700e-02
7.450000e+00,5.867500e-02
7.455000e+00,5.402600e-02
7.460000e+00,5.280000e-02
7.465000e+00,5.904100e-02
7.470000e+00,6.062400e-02
7.475000e+00,5.096000e-02
7.480000e+00,3.582400e-02
7.485000e+00,3.545300e-02
7.490000e+00,3.935100e-02
7.495000e+00,5.309300e-02
7.500000e+00,6.123900e-02
7.505000e+00,5.748300e-02
7.510000e+00,6.098500e-02
7.515000e+00,6.676900e-02
7.520000e+00,8.330100e-02
7.525000e+00,8.166500e-02
7.530000e+00,5.558900e-02
7.535000e+00,4.973900e-03
7.540000e+00,-2.754100e-02
7.545000e+00,-2.493000e-02
7.550000e+00,3.560100e-03
7.555000e+00,2.539700e-02
7.560000e+00,1.688100e-02
7.565000e+00,3.639500e-03
7.570000e+00,3.735800e-03
7.575000e+00,2.185600e-02
7.580000e+00,2.722900e-02
7.585000e+00,3.005200e-02
7.590000e+00,3.329300e-02
7.595000e+00,7.324000e-02
7.600000e+00,1.123000e-01
7.605000e+00,1.166400e-01
7.610000e+00,9.069000e-02
7.615000e+00,5.900000e-02
7.620000e+00,6.408700e-02
7.625000e+00,8.533800e-02
7.630000e+00,8.240200e-02
7.635000e+00,3.845200e-02
7.640000e+00,-9.054600e-03
7.645000e+00,-2.675800e-02
7.650000e+00,-1.383500e-02
7.655000e+00,1.153400e-02
7.660000e+00,8.141400e-03
7.665000e+00,-5.448800e-03
7.670000e+00,-1.145000e-02
7.675000e+00,-8.845800e-03
7.680000e+00,8.407500e-03
7.685000e+00,1.514200e-02
7.690000e+00,1.514600e-02
7.695000e+00,8.098000e-03
7.700000e+00,7.191900e-03
7.705000e+00,1.398600e-02
7.710000e+00,2.545100e-02
7.715000e+00,4.164800e-02
7.720000e+00,4.441600e-02
7.725000e+00,4.365000e-02
7.730000e+00,3.446300e-02
7.735000e+00,2.678700e-02
7.740000e+00,2.429000e-02
7.745000e+00,2.978300e-02
7.750000e+00,5.012800e-02
7.755000e+00,6.083600e-02
7.760000e+00,6.711300e-02
7.765000e+00,6.163700e-02
7.770000e+00,5.558300e-02
7.775000e+00,6.516900e-02
7.780000e+00,6.315900e-02
7.785000e+00,3.300600e-02
7.790000e+00,-1.926800e-02
7.795000e+00,-6.361500e-02
7.800000e+00,-7.476200e-02
7.805000e+00,-4.739800e-02
7.810000e+00,-2.312100e-02
7.815000e+00,-1.280100e-02
7.820000e+00,-9.839400e-03
7.825000e+00,-1.108600e-02
7.830000e+00,-6.177300e-03
7.835000e+00,-1.566600e-02
7.840000e+00,-1.411200e-02
7.845000e+00,1.109700e-03
7.850000e+00,3.641500e-02
7.855000e+00,6.969800e-02
7.860000e+00,6.777500e-02
7.865000e+00,5.219100e-02
7.870000e+00,3.756100e-02
7.875000e+00,4.628600e-02
7.880000e+00,6.793200e-02
7.885000e+00,8.913800e-02
7.890000e+00,8.809400e-02
7.895000e+00,6.977500e-02
7.900000e+00,4.005200e-02
7.905000e+00,1.504500e-02
7.910000e+00,1.604600e-02
7.915000e+00,3.606600e-02
7.920000e+00,4.587000e-02
7.925000e+00,8.398200e-03
7.930000e+00,-4.765100e-02
7.935000e+00,-9.506200e-02
7.940000e+00,-7.900700e-02
7.945000e+00,-2.637300e-02
7.950000e+00,1.039100e-02
7.955000e+00,1.219400e-02
7.960000e+00,-7.366700e-03
7.965000e+00,-1.270300e-03
7.970000e+00,2.013600e-02
7.975000e+00,4.226200e-02
7.980000e+00,3.993800e-02
7.985000e+00,1.824900e-02
7.990000e+00,1.943900e-02
7.995000e+00,1.869200e-02
8.000000e+00,1.651600e-02
8.005000e+00,1.417000e-03
8.010000e+00,-1.883700e-02
8.015000e+00,-1.985700e-02
8.020000e+00,2.627800e-04
8.025000e+00,2.669300e-02
8.030000e+00,5.553200e-02
8.035000e+00,9.045500e-02
8.040000e+00,9.865000e-02
8.045000e+00,8.910000e-02
8.050000e+00,4.946900e-02
8.055000e+00,9.244000e-03
8.060000e+00,3.455100e-03
8.065000e+00,2.187900e-02
8.070000e+00,4.221600e-02
8.075000e+00,4.634300e-02
8.080000e+00,2.671000e-02
8.085000e+00,9.441700e-03
8.090000e+00,-4.765200e-03
8.095000e+00,-1.084900e-02
8.100000e+00,-1.771900e-02
8.105000e+00,-1.185300e-02
8.110000e+00,2.110700e-03
8.115000e+00,1.899800e-02
8.120000e+00,3.286200e-02
8.125000e+00,2.761700e-02
8.130000e+00,3.040500e-02
8.135000e+00,3.514100e-02
8.140000e+00,5.811700e-02
8.145000e+00,7.414600e-02
8.150000e+00,7.984900e-02
8.155000e+00,6.267000e-02
8.160000e+00,4.755000e-02
8.165000e+00,5.323200e-02
8.170000e+00,7.620900e-02
8.175000e+00,1.047900e-01
8.180000e+00,8.594600e-02
8.185000e+00,3.753700e-02
8.190000e+00,-2.669500e-02
8.195000e+00,-6.357900e-02
8.200000e+00,-6.169000e-02
8.205000e+00,-5.137800e-02
8.210000e+00,-4.271100e-02
8.215000e+00,-4.631400e-02
8.220000e+00,-4.988500e-02
8.225000e+00,-4.259000e-02
8.230000e+00,-2.774700e-02
8.235000e+00,-1.672000e-02
8.240000e+00,-7.905100e-03
8.245000e+00,-1.389900e-02
8.250000e+00,-2.250300e-02
8.255000e+00,-2.542800e-02
8.260000e+00,-2.668800e-02
8.265000e+00,-3.457500e-02
8.270000e+00,-6.752900e-02
8.275000e+00,-1.009600e-01
8.280000e+00,-1.051500e-01
8.285000e+00,-5.650500e-02
8.290000e+00,4.353200e-03
8.295000e+00,2.929300e-02
8.300000e+00,8.507100e-03
8.305000e+00,-3.503100e-02
8.310000e+00,-4.236700e-02
8.315000e+00,-3.137300e-02
8.320000e+00,-2.023800e-02
8.325000e+00,-1.646500e-02
8.330000e+00,-1.976900e-02
8.335000e+00,-6.983200e-03
8.340000e+00,-4.538500e-03
8.345000e+00,-2.002400e-02
8.350000e+00,-4.949700e-02
8.355000e+00,-5.973900e-02
8.360000e+00,-5.453600e-02
8.365000e+00,-5.437800e-02
8.370000e+00,-6.312400e-02
8.375000e+00,-8.744600e-02
8.380000e+00,-8.400700e-02
8.385000e+00,-7.034800e-02
8.390000e+00,-6.373600e-02
8.395000e+00,-6.838600e-02
8.400000e+00,-7.943800e-02
8.405000e+00,-7.687600e-02
8.410000e+00,-8.051800e-02
8.415000e+00,-8.526200e-02
8.420000e+00,-9.230700e-02
8.425000e+00,-6.638100e-02
8.430000e+00,-1.116700e-02
8.435000e+00,3.467500e-02
8.440000e+00,3.407000e-02
8.445000e+00,-6.787600e-03
8.450000e+00,-5.041400e-02
8.455000e+00,-6.882400e-02
8.460000e+00,-5.585400e-02
8.465000e+00,-5.599700e-02
8.470000e+00,-7.324600e-02
8.475000e+00,-9.362600e-02
8.480000e+00,-1.099600e-01
8.485000e+00,-1.021800e-01
8.490000e+00,-9.526800e-02
8.495000e+00,-9.407300e-02
8.500000e+00,-9.391500e-02
8.505000e+00,-9.094100e-02
8.510000e+00,-6.386900e-02
8.515000e+00,-4.043500e-02
8.520000e+00,-2.087500e-02
8.525000e+00,-4.006300e-02
8.530000e+00,-7.437300e-02
8.535000e+00,-1.027000e-01
8.540000e+00,-9.202300e-02
8.545000e+00,-4.934100e-02
8.550000e+00,-7.982800e-03
8.555000e+00,2.702800e-03
8.560000e+00,-2.640700e-02
8.565000e+00,-5.367800e-02
8.570000e+00,-5.769700e-02
8.575000e+00,-2.823800e-02
8.580000e+00,-3.097100e-04
8.585000e+00,1.928400e-02
8.590000e+00,7.820500e-03
8.595000e+00,5.384300e-03
8.600000e+00,1.132500e-02
8.605000e+00,2.307100e-02
8.610000e+00,3.127400e-02
8.615000e+00,1.631000e-02
8.620000e+00,-9.731800e-04
8.625000e+00,-1.622800e-02
8.630000e+00,-1.674600e-02
8.635000e+00,-2.071700e-02
8.640000e+00,-2.905600e-02
8.645000e+00,-3.300400e-02
8.650000e+00,-3.064500e-02
8.655000e+00,-2.217300e-02
8.660000e+00,-3.380500e-02
8.665000e+00,-7.131900e-02
8.670000e+00,-1.119200e-01
8.675000e+00,-1.265100e-01
8.680000e+00,-9.982900e-02
8.685000e+00,-6.871000e-02
8.690000e+00,-3.212200e-02
8.695000e+00,-1.974300e-02
8.700000e+00,7.096600e-04
8.705000e+00,1.936900e-02
8.710000e+00,1.887000e-02
8.715000e+00,1.379900e-02
8.720000e+00,-2.568300e-03
8.725000e+00,5.173500e-03
8.730000e+00,7.246100e-03
8.735000e+00,-4.439900e-03
8.740000e+00,-3.318600e-02
8.745000e+00,-5.489800e-02
8.750000e+00,-5.884900e-02
8.755000e+00,-5.909600e-02
8.760000e+00,-7.661700e-02
8.765000e+00,-9.907600e-02
8.770000e+00,-8.585100e-02
8.775000e+00,-5.046700e-02
8.780000e+00,-2.093200e-02
8.785000e+00,-4.091600e-02
8.790000e+00,-9.688500e-02
8.795000e+00,-1.191300e-01
8.800000e+00,-9.100000e-02
8.805000e+00,-3.537500e-02
8.810000e+00,-8.862200e-03
8.815000e+00,-2.668900e-02
8.820000e+00,-6.170800e-02
8.825000e+00,-8.088100e-02
8.830000e+00,-7.466000e-02
8.835000e+00,-7.019300e-02
8.840000e+00,-5.875400e-02
8.845000e+00,-5.276300e-02
8.850000e+00,-5.094600e-02
8.855000e+00,-3.969100e-02
8.860000e+00,-3.407700e-02
8.865000e+00,-9.151300e-03
8.870000e+00,1.046100e-02
8.875000e+00,8.280100e-03
8.880000e+00,-1.619400e-02
8.885000e+00,-4.710800e-02
8.890000e+00,-5.730800e-02
8.895000e+00,-5.234900e-02
8.900000e+00,-4.485100e-02
8.905000e+00,-4.741800e-02
8.910000e+00,-4.567000e-02
8.915000e+00,-4.028000e-02
8.920000e+00,-4.952300e-02
8.925000e+00,-9.342400e-02
8.930000e+00,-1.463600e-01
8.935000e+00,-1.820500e-01
8.940000e+00,-1.693900e-01
8.945000e+00,-1.307600e-01
8.950000e+00,-1.117100e-01
8.955000e+00,-1.092600e-01
8.960000e+00,-1.239500e-01
8.965000e+00,-1.128800e-01
8.970000e+00,-8.821200e-02
8.975000e+00,-5.637000e-02
8.980000e+00,-4.083000e-02
8.985000e+00,-4.133400e-02
8.990000e+00,-3.689600e-02
8.995000e+00,-3.052500e-02
9.000000e+00,-8.366400e-03
9.005000e+00,-9.087600e-03
9.010000e+00,-2.115100e-02
9.015000e+00,-5.322700e-02
9.020000e+00,-7.771200e-02
9.025000e+00,-8.177600e-02
9.030000e+00,-8.081400e-02
9.035000e+00,-7.176800e-02
9.040000e+00,-7.521700e-02
9.045000e+00,-8.963600e-02
9.050000e+00,-1.041900e-01
9.055000e+00,-1.166800e-01
9.060000e+00,-1.052700e-01
9.065000e+00,-6.840100e-02
9.070000e+00,-3.223700e-02
9.075000e+00,-3.023300e-02
9.080000e+00,-5.895300e-02
9.085000e+00,-9.621000e-02
9.090000e+00,-9.273600e-02
9.095000e+00,-5.836100e-02
9.100000e+00,-4.121000e-02
9.105000e+00,-5.236500e-02
9.110000e+00,-8.702100e-02
9.115000e+00,-8.128100e-02
9.120000e+00,-4.071900e-02
9.125000e+00,3.146800e-03
9.130000e+00,1.255600e-02
9.135000e+00,-1.593600e-02
9.140000e+00,-4.026400e-02
9.145000e+00,-5.101400e-02
9.150000e+00,-4.659500e-02
9.155000e+00,-4.269700e-02
9.160000e+00,-3.512300e-02
9.165000e+00,-6.020000e-03
9.170000e+00,1.573400e-02
9.175000e+00,2.028000e-02
9.180000e+00,-1.168900e-02
9.185000e+00,-5.480000e-02
9.190000e+00,-7.942000e-02
9.195000e+00,-8.259100e-02
9.200000e+00,-8.110800e-02
9.205000e+00,-8.795600e-02
9.210000e+00,-9.554000e-02
9.215000e+00,-1.108700e-01
9.220000e+00,-1.136300e-01
9.225000e+00,-1.160000e-01
9.230000e+00,-1.082900e-01
9.235000e+00,-8.358200e-02
9.240000e+00,-6.216700e-02
9.245000e+00,-5.616400e-02
9.250000e+00,-5.245100e-02
9.255000e+00,-3.146200e-02
9.260000e+00,9.197100e-03
9.265000e+00,5.262200e-02
9.270000e+00,4.874400e-02
9.275000e+00,1.215400e-02
9.280000e+00,-1.680000e-02
9.285000e+00,-1.309700e-02
9.290000e+00,8.674100e-03
9.295000e+00,8.663900e-03
9.300000e+00,-2.196900e-02
9.305000e+00,-6.152600e-02
9.310000e+00,-6.528400e-02
9.315000e+00,-5.778200e-02
9.320000e+00,-3.820300e-02
9.325000e+00,-3.217800e-02
9.330000e+00,-3.034700e-02
9.335000e+00,-1.994100e-02
9.340000e+00,-2.990200e-02
9.345000e+00,-2.745200e-02
9.350000e+00,-3.434600e-02
9.355000e+00,-2.515000e-02
9.360000e+00,-2.114400e-02
9.365000e+00,-4.155800e-02
9.370000e+00,-6.511000e-02
9.375000e+00,-6.495900e-02
9.380000e+00,-2.815400e-02
9.385000e+00,1.637500e-02
9.390000e+00,3.699300e-02
9.395000e+00,6.060900e-03
9.400000e+00,-2.448300e-02
9.405000e+00,-3.718400e-02
9.410000e+00,-2.271900e-02
9.415000e+00,5.682800e-03
9.420000e+00,6.822400e-03
9.425000e+00,7.552900e-03
9.430000e+00,2.899800e-03
9.435000e+00,1.102600e-02
9.440000e+00,2.012200e-02
9.445000e+00,3.368400e-03
9.450000e+00,-1.606900e-02
9.455000e+00,-4.039400e-02
9.460000e+00,-3.716600e-02
9.465000e+00,-2.824500e-02
9.470000e+00,-2.932400e-02
9.475000e+00,-4.740300e-02
9.480000e+00,-6.857200e-02
9.485000e+00,-6.433900e-02
9.490000e+00,-5.879300e-02
9.495000e+00,-5.705200e-02
9.500000e+00,-8.366800e-02
9.505000e+00,-1.077600e-01
9.510000e+00,-9.311500e-02
9.515000e+00,-6.110200e-02
9.520000e+00,-1.939400e-02
9.525000e+00,-5.929900e-03
9.530000e+00,-1.120700e-02
9.535000e+00,-6.132400e-03
9.540000e+00,4.556700e-03
9.545000e+00,1.676000e-02
9.550000e+00,2.416800e-02
9.555000e+00,1.983200e-02
9.560000e+00,9.492400e-03
9.565000e+00,1.982400e-03
9.570000e+00,-1.106700e-02
9.575000e+00,-3.495700e-03
9.580000e+00,1.192800e-02
9.585000e+00,1.663200e-02
9.590000e+00,-2.721500e-03
9.595000e+00,-3.394000e-02
9.600000e+00,-4.461300e-02
9.605000e+00,-2.302300e-02
9.610000e+00,2.120900e-03
9.615000e+00,-1.351200e-02
9.620000e+00,-5.200400e-02
9.625000e+00,-8.983300e-02
9.630000e+00,-8.138500e-02
9.635000e+00,-4.717400e-02
9.640000e+00,-1.221900e-02
9.645000e+00,1.084600e-02
9.650000e+00,1.453700e-02
9.655000e+00,1.241000e-02
9.660000e+00,-7.021900e-03
9.665000e+00,-2.445300e-02
9.670000e+00,-2.204500e-02
9.675000e+00,3.711900e-04
9.680000e+00,2.194000e-02
9.685000e+00,1.104400e-02
9.690000e+00,-9.096600e-03
9.695000e+00,-1.253500e-02
9.700000e+00,1.370800e-02
9.705000e+00,3.344000e-02
9.710000e+00,1.640400e-02
9.715000e+00,-2.007200e-02
9.720000e+00,-3.718300e-02
9.725000e+00,-6.907300e-03
9.730000e+00,1.913300e-02
9.735000e+00,3.208600e-02
9.740000e+00,7.289000e-03
9.745000e+00,-2.421600e-03
9.750000e+00,4.181000e-03
9.755000e+00,1.141600e-03
9.760000e+00,-1.774800e-02
9.765000e+00,-6.160200e-02
9.770000e+00,-6.564400e-02
9.775000e+00,-4.758400e-02
9.780000e+00,-8.405200e-03
9.785000e+00,3.404600e-03
9.790000e+00,-8.451200e-03
9.795000e+00,-1.315400e-02
9.800000e+00,-1.571600e-03
9.805000e+00,2.903800e-02
9.810000e+00,4.115800e-02
9.815000e+00,3.884800e-02
9.820000e+00,2.870900e-02
9.825000e+00,3.353300e-02
9.830000e+00,6.502200e-02
9.835000e+00,8.858100e-02
9.840000e+00,9.796400e-02
9.845000e+00,8.175000e-02
9.850000e+00,5.405100e-02
9.855000e+00,4.528300e-02
9.860000e+00,5.568900e-02
9.865000e+00,7.402700e-02
9.870000e+00,6.887500e-02
9.875000e+00,4.065900e-02
9.880000e+00,-7.525000e-03
9.885000e+00,-3.743400e-02
9.890000e+00,-3.295100e-02
9.895000e+00,-8.024100e-03
9.900000e+00,1.589200e-02
9.905000e+00,2.267600e-02
9.910000e+00,3.973100e-03
9.915000e+00,-9.978600e-03
9.920000e+00,-2.065200e-03
9.925000e+00,2.232500e-02
9.930000e+00,5.173000e-02
9.935000e+00,5.873200e-02
9.940000e+00,3.929500e-02
9.945000e+00,2.141200e-02
9.950000e+00,2.295100e-02
9.955000e+00,4.397400e-02
9.960000e+00,5.883800e-02
9.965000e+00,5.458000e-02
9.970000e+00,2.604100e-02
9.975000e+00,5.615300e-03
9.980000e+00,2.441400e-03
9.985000e+00,7.662300e-03
9.990000e+00,3.445700e-02
9.995000e+00,4.676100e-02
